1 = 58,132,60;plains;78
2 = 40,123,42;plains;85
3 = 41,152,44;plains;71
4 = 22,141,26;plains;74
5 = 49,109,51;farmland;93
6 = 31,121,34;farmland;91
7 = 49,166,53;farmland;96
8 = 21,143,25;plains;89
9 = 9,117,13;plains;82
10 = 15,155,19;plains;73
11 = 38,133,41;plains;68
12 = 32,109,46;plains;76
13 = 53,169,74;farmland;100
14 = 13,131,34;plains;87
15 = 28,160,52;plains;86
16 = 40,137,58;plains;82
17 = 34,203,64;farmland;85
18 = 57,154,74;plains;78
19 = 41,131,25;hills;55
20 = 85,108,81;hills;32
21 = 26,164,35;plains;82
22 = 52,134,57;plains;71
23 = 25,123,42;plains;73
24 = 65,155,71;plains;63
25 = 29,178,38;farmland;92
26 = 46,161,53;plains;82
27 = 19,140,26;plains;75
28 = 63,99,65;hills;55
29 = 142,124,72;forest;31
30 = 150,124,49;forest;22
31 = 122,108,69;hills;15
32 = 69,103,58;forest;41
33 = 52,119,30;forest;39
34 = 58,142,31;forest;37
35 = 127,99,17;forest;22
36 = 189,149,32;forest;28
37 = 160,143,95;hills;21
38 = 157,127,38;forest;25
39 = 195,157,47;hills;15
40 = 118,115,106;hills;7
41 = 84,82,76;hills;11
42 = 85,98,82;highlands;17
43 = 108,128,103;highlands;14
44 = 77,99,72;highlands;15
45 = 103,129,97;forest;21
46 = 108,148,99;forest;26
47 = 65,104,57;hills;21
48 = 47,85,39;hills;24
49 = 104,124,99;highlands;14
50 = 82,88,80;highlands;8
51 = 57,66,55;hills;11
52 = 75,94,71;hills;13
53 = 95,122,89;hills;14
54 = 105,142,96;highlands;12
55 = 113,131,118;hills;16
56 = 93,121,101;hills;18
57 = 65,100,75;hills;17
58 = 91,145,107;highlands;14
59 = 51,98,65;hills;16
60 = 57,85,65;forest;27
61 = 63,121,80;forest;21
62 = 132,174,144;hills;23
63 = 74,84,77;hills;22
64 = 82,101,88;hills;17
65 = 88,134,102;forest;24
66 = 67,89,74;forest;25
67 = 60,98,71;hills;17
68 = 57,66,60;hills;13
69 = 55,84,64;highlands;16
70 = 121,161,134;hills;15
71 = 90,134,111;hills;18
72 = 119,156,137;hills;17
73 = 105,117,111;hills;11
74 = 66,84,75;forest;24
75 = 96,129,113;hills;18
76 = 70,113,92;hills;21
77 = 80,152,116;forest;26
78 = 59,93,76;hills;15
79 = 55,112,83;hills;19
80 = 93,137,115;hills;18
81 = 72,110,82;hills;19
82 = 89,114,96;highlands;22
83 = 58,93,67;highlands;25
84 = 65,79,69;highlands;23
85 = 98,119,100;hills;21
86 = 77,96,79;hills;24
87 = 78,118,82;hills;26
88 = 41,75,45;hills;23
89 = 28,85,35;forest;33
90 = 51,71,53;highlands;23
91 = 50,101,56;forest;26
92 = 34,74,39;hills;23
93 = 83,89,84;hills;21
94 = 57,184,72;jungle;28
95 = 21,136,34;jungle;30
96 = 28,181,46;jungle;27
97 = 28,114,38;jungle;32
98 = 49,109,56;jungle;34
99 = 41,150,34;jungle;31
100 = 29,140,22;jungle;33
101 = 33,96,29;jungle;29
102 = 39,137,33;jungle;35
103 = 98,184,93;jungle;36
104 = 30,141,23;jungle;30
105 = 26,88,23;hills;15
106 = 25,183,16;jungle;34
107 = 38,150,32;jungle;35
108 = 15,108,9;jungle;33
109 = 43,113,79;jungle;37
110 = 26,100,64;jungle;34
111 = 26,150,89;jungle;33
112 = 49,155,44;jungle;36
113 = 18,123,13;jungle;32
114 = 10,167,2;jungle;38
115 = 20,123,15;jungle;35
116 = 56,122,52;jungle;36
117 = 81,166,77;jungle;34
118 = 26,143,20;jungle;37
119 = 34,103,30;jungle;35
120 = 29,136,24;jungle;36
121 = 111,142,110;hills;11
122 = 58,82,56;hills;17
123 = 95,194,90;jungle;34
124 = 46,178,39;jungle;30
125 = 27,146,21;jungle;29
126 = 110,127,124;hills;34
127 = 67,94,89;hills;24
128 = 49,113,102;hills;27
129 = 81,175,160;hills;19
130 = 62,98,92;hills;21
131 = 25,98,86;hills;23
132 = 55,132,119;highlands;16
133 = 84,119,113;highlands;18
134 = 55,85,80;highlands;15
135 = 48,60,58;hills;12
136 = 122,100,38;forest;34
137 = 100,114,112;hills;14
138 = 152,105,43;forest;34
139 = 189,119,27;forest;26
140 = 149,173,169;hills;12
141 = 110,148,135;hills;14
142 = 86,99,94;hills;9
143 = 86,123,110;hills;10
144 = 165,194,184;mountain;1
145 = 71,98,89;hills;7
146 = 126,146,139;mountain;0
147 = 52,100,99;highlands;11
148 = 57,93,92;hills;16
149 = 63,117,116;highlands;11
150 = 110,169,168;highlands;12
151 = 187,228,228;mountain;0
152 = 150,175,175;mountain;0
153 = 116,129,129;mountain;2
154 = 150,159,158;mountain;2
155 = 109,132,132;mountain;1
156 = 100,175,174;hills;8
157 = 95,109,109;mountain;0
158 = 16,89,66;forest;22
159 = 29,118,90;forest;31
160 = 22,151,111;forest;33
161 = 9,122,86;highlands;19
162 = 35,101,81;forest;35
163 = 45,146,75;forest;41
164 = 35,174,76;forest;36
165 = 71,181,163;hills;25
166 = 34,164,73;forest;29
167 = 26,192,75;plains;35
168 = 8,173,57;forest;32
169 = 36,145,68;plains;37
170 = 104,88,43;forest;33
171 = 143,115,37;forest;36
172 = 103,95,75;hills;25
173 = 138,132,115;hills;21
174 = 169,139,58;forest;38
175 = 152,119,25;forest;31
176 = 199,163,63;forest;33
177 = 70,109,30;forest;27
178 = 118,134,102;hills;19
179 = 149,164,134;hills;21
180 = 80,124,35;forest;24
181 = 99,164,32;forest;42
182 = 124,127,121;hills;22
183 = 117,174,58;forest;28
184 = 90,152,26;forest;25
185 = 98,175,19;forest;63
186 = 79,119,38;forest;45
187 = 82,134,28;forest;41
188 = 60,103,16;forest;27
189 = 96,169,22;forest;31
190 = 101,146,55;forest;43
191 = 77,117,36;forest;37
192 = 66,112,20;forest;39
193 = 90,154,25;forest;35
194 = 91,132,50;forest;31
195 = 85,159,38;forest;28
196 = 101,173,56;forest;34
197 = 39,79,14;forest;23
198 = 38,90,4;forest;25
199 = 101,123,108;hills;13
200 = 82,90,84;hills;7
201 = 87,99,92;mountain;1
202 = 96,118,104;mountain;0
203 = 75,100,85;hills;8
204 = 56,80,65;hills;6
205 = 60,77,77;hills;10
206 = 72,99,98;hills;12
207 = 102,115,115;hills;11
208 = 78,100,99;mountain;3
209 = 63,90,89;mountain;3
210 = 90,108,117;hills;12
211 = 74,86,91;highlands;13
212 = 85,110,122;highlands;14
213 = 116,134,142;mountain;4
214 = 89,112,104;hills;11
215 = 118,132,127;hills;10
216 = 79,98,91;highlands;12
217 = 98,131,120;highlands;14
218 = 73,81,78;mountain;4
219 = 99,113,108;mountain;3
220 = 76,96,90;mountain;3
221 = 120,141,134;mountain;4
222 = 107,145,132;hills;9
223 = 41,108,85;forest;21
224 = 74,91,85;forest;17
225 = 87,113,104;forest;18
226 = 142,164,156;highlands;11
227 = 95,117,109;highlands;12
228 = 123,154,143;highlands;11
229 = 79,100,93;hills;13
230 = 70,84,79;highlands;14
231 = 96,131,119;highlands;16
232 = 65,95,85;hills;11
233 = 52,95,81;highlands;9
234 = 67,93,86;hills;9
235 = 134,162,161;mountain;4
236 = 80,110,109;hills;11
237 = 53,75,74;hills;12
238 = 48,99,81;forest;21
239 = 52,126,81;forest;22
240 = 33,147,77;forest;23
241 = 88,112,97;highlands;13
242 = 113,137,122;hills;14
243 = 79,107,90;hills;16
244 = 49,203,58;plains;36
245 = 21,165,30;forest;27
246 = 31,174,40;forest;24
247 = 107,123,108;hills;14
248 = 72,194,79;forest;35
249 = 44,176,52;forest;32
250 = 46,109,50;forest;29
251 = 19,189,30;plains;41
252 = 20,156,29;plains;36
253 = 74,189,81;plains;34
254 = 51,175,58;plains;33
255 = 28,179,37;plains;35
256 = 124,137,125;hills;18
257 = 102,112,103;hills;16
258 = 118,136,120;hills;17
259 = 174,134,101;drylands;13
260 = 165,123,89;drylands;14
261 = 161,152,78;plains;24
262 = 143,136,71;plains;26
263 = 156,146,60;plains;28
264 = 138,128,45;plains;30
265 = 109,101,30;plains;35
266 = 161,149,42;plains;59
267 = 183,172,80;plains;56
268 = 173,159,36;plains;51
269 = 160,151,70;plains;25
270 = 147,136,40;plains;28
271 = 123,121,102;hills;15
272 = 148,139,51;plains;32
273 = 180,165,33;plains;34
274 = 131,119,14;plains;32
275 = 174,158,18;plains;37
276 = 206,197,119;plains;34
277 = 198,185,68;plains;27
278 = 173,129,78;drylands;15
279 = 159,144,128;hills;17
280 = 138,129,119;hills;15
281 = 119,109,97;hills;17
282 = 160,141,120;hills;11
283 = 81,113,48;forest;19
284 = 83,133,31;forest;21
285 = 98,108,87;highlands;15
286 = 83,88,79;hills;17
287 = 181,192,170;mountain;3
288 = 159,169,148;mountain;2
289 = 182,200,163;mountain;3
290 = 127,134,120;mountain;4
291 = 157,174,139;mountain;3
292 = 98,112,83;highlands;13
293 = 84,94,74;highlands;11
294 = 96,100,92;hills;11
295 = 81,89,73;hills;13
296 = 172,119,58;drylands;8
297 = 96,83,69;hills;6
298 = 127,111,92;hills;5
299 = 113,106,97;hills;4
300 = 146,102,46;drylands;6
301 = 177,125,58;drylands;5
302 = 209,151,77;plains;23
303 = 195,131,48;drylands;17
304 = 95,76,52;hills;11
305 = 193,174,150;hills;9
306 = 159,100,25;plains;36
307 = 196,129,43;plains;28
308 = 189,125,45;plains;19
309 = 211,135,38;drylands;11
310 = 170,124,66;drylands;13
311 = 197,140,68;drylands;12
312 = 185,139,82;drylands;9
313 = 166,115,51;drylands;7
314 = 196,134,55;drylands;6
315 = 193,121,29;drylands;8
316 = 119,99,74;hills;5
317 = 142,121,94;hills;4
318 = 156,136,111;hills;4
319 = 216,131,22;drylands;8
320 = 197,130,45;drylands;6
321 = 171,119,52;drylands;7
322 = 190,119,40;drylands;8
323 = 218,133,24;drylands;9
324 = 187,127,50;drylands;10
325 = 201,129,38;drylands;11
326 = 217,146,55;drylands;10
327 = 202,129,36;drylands;7
328 = 171,116,46;drylands;9
329 = 222,168,99;plains;15
330 = 180,119,50;drylands;11
331 = 164,104,37;drylands;10
332 = 158,112,61;drylands;10
333 = 189,117,37;drylands;11
334 = 155,97,33;drylands;9
335 = 191,126,54;drylands;9
336 = 168,119,64;drylands;9
337 = 150,121,90;drylands;8
338 = 196,141,81;drylands;7
339 = 152,104,50;drylands;8
340 = 196,137,71;plains;14
341 = 213,142,63;drylands;9
342 = 180,132,78;drylands;10
343 = 209,142,66;drylands;12
344 = 84,173,74;plains;21
345 = 95,132,91;highlands;12
346 = 78,109,74;highlands;14
347 = 169,113,74;drylands;11
348 = 161,97,52;drylands;12
349 = 184,108,56;drylands;11
350 = 203,127,75;plains;24
351 = 168,106,64;plains;22
352 = 208,125,69;plains;27
353 = 173,116,78;plains;34
354 = 201,124,72;plains;29
355 = 183,121,79;drylands;13
356 = 216,137,84;drylands;11
357 = 191,110,55;drylands;13
358 = 155,77,25;drylands;12
359 = 205,126,72;drylands;10
360 = 175,109,41;drylands;13
361 = 199,117,33;drylands;9
362 = 190,122,52;drylands;11
363 = 164,112,58;drylands;13
364 = 205,135,64;drylands;12
365 = 164,105,45;drylands;14
366 = 183,128,72;drylands;12
367 = 153,112,70;drylands;16
368 = 175,168,70;hills;19
369 = 159,152,71;plains;31
370 = 141,135,53;hills;19
371 = 158,149,34;hills;23
372 = 130,124,46;hills;25
373 = 182,172,40;hills;24
374 = 107,105,75;hills;19
375 = 167,160,66;hills;23
376 = 161,157,99;hills;25
377 = 128,121,26;plains;33
378 = 195,184,40;plains;32
379 = 127,119,24;hills;27
380 = 155,137,25;plains;29
381 = 193,173,45;hills;22
382 = 165,146,25;hills;24
383 = 194,170,19;hills;25
384 = 212,193,69;hills;23
385 = 214,123,213;plains;43
386 = 198,78,196;plains;39
387 = 174,98,173;plains;40
388 = 211,77,209;plains;36
389 = 48,164,45;hills;76
390 = 47,195,42;hills;60
391 = 25,184,20;hills;88
392 = 53,211,47;hills;84
393 = 58,183,54;hills;78
394 = 56,145,53;jungle;77
395 = 97,206,93;jungle;75
396 = 44,210,38;jungle;72
397 = 35,182,31;plains;82
398 = 127,191,125;hills;64
399 = 108,133,107;highlands;59
400 = 36,200,31;plains;73
401 = 31,164,26;plains;63
402 = 54,137,52;forest;54
403 = 56,171,52;forest;51
404 = 39,153,35;forest;46
405 = 54,174,50;forest;37
406 = 76,165,73;forest;41
407 = 49,144,46;forest;43
408 = 34,135,30;forest;35
409 = 17,167,12;forest;32
410 = 40,155,36;forest;33
411 = 74,138,72;forest;28
412 = 60,98,59;forest;21
413 = 84,116,83;hills;16
414 = 72,103,71;hills;14
415 = 83,96,83;hills;12
416 = 58,80,57;highlands;13
417 = 116,147,115;hills;14
418 = 51,107,49;hills;17
419 = 123,151,122;highlands;14
420 = 89,104,89;hills;15
421 = 79,100,79;hills;11
422 = 55,81,55;highlands;12
423 = 71,85,71;hills;14
424 = 78,105,82;hills;10
425 = 65,96,70;hills;12
426 = 78,95,80;hills;13
427 = 130,41,75;bog;9
428 = 151,59,94;bog;8
429 = 173,88,121;bog;7
430 = 156,69,103;bog;9
431 = 144,44,82;bog;10
432 = 194,44,102;bog;11
433 = 221,72,130;bog;10
434 = 136,34,73;bog;7
435 = 180,47,98;bog;8
436 = 152,30,77;bog;10
437 = 176,40,92;bog;10
438 = 170,46,94;bog;6
439 = 135,36,74;bog;5
440 = 139,25,68;bog;6
441 = 177,26,84;bog;6
442 = 172,55,100;bog;4
443 = 208,32,100;bog;4
444 = 167,18,76;bog;4
445 = 150,27,75;bog;5
446 = 189,19,84;bog;4
447 = 184,48,100;bog;5
448 = 166,23,78;bog;6
449 = 138,32,73;bog;6
450 = 164,21,77;bog;7
451 = 159,57,96;bog;5
452 = 111,31,61;bog;5
453 = 100,19,50;bog;4
454 = 136,23,66;bog;5
455 = 114,27,61;bog;6
456 = 143,41,80;bog;4
457 = 157,35,82;bog;4
458 = 131,21,64;bog;5
459 = 116,43,72;bog;7
460 = 101,42,65;bog;4
461 = 141,43,81;bog;5
462 = 190,44,101;bog;5
463 = 166,68,107;bog;6
464 = 140,40,79;bog;5
465 = 120,42,72;bog;5
466 = 144,31,74;bog;3
467 = 159,25,76;bog;4
468 = 124,34,69;bog;5
469 = 176,31,87;bog;4
470 = 122,28,64;bog;8
471 = 176,13,76;bog;7
472 = 165,30,82;bog;6
473 = 155,43,86;bog;4
474 = 129,46,77;bog;3
475 = 113,31,62;bog;4
476 = 142,30,72;bog;4
477 = 135,50,81;bog;7
478 = 163,29,79;bog;5
479 = 137,44,79;bog;6
480 = 116,40,68;bog;4
481 = 144,40,79;bog;4
482 = 196,38,97;bog;3
483 = 165,22,76;bog;5
484 = 141,49,83;bog;5
485 = 153,33,78;bog;4
486 = 111,17,52;bog;6
487 = 142,31,72;bog;4
488 = 115,18,55;bog;4
489 = 183,56,104;bog;4
490 = 139,38,76;bog;5
491 = 162,26,77;hills;4
492 = 201,28,93;bog;6
493 = 140,31,72;bog;7
494 = 123,22,61;bog;6
495 = 165,30,81;bog;4
496 = 143,51,86;hills;3
497 = 169,34,85;hills;4
498 = 152,41,83;bog;5
499 = 137,19,64;bog;7
500 = 193,23,97;bog;6
501 = 163,34,90;bog;4
502 = 154,48,94;bog;5
503 = 140,20,71;bog;7
504 = 213,57,124;bog;6
505 = 166,20,83;bog;7
506 = 152,43,90;bog;4
507 = 181,23,91;bog;3
508 = 164,69,110;bog;3
509 = 163,99,127;bog;4
510 = 135,71,99;bog;7
511 = 114,57,81;bog;5
512 = 167,82,118;bog;6
513 = 138,53,89;bog;4
514 = 154,80,111;bog;5
515 = 47,142,41;plains;27
516 = 34,115,30;plains;22
517 = 54,110,50;plains;26
518 = 60,140,56;plains;28
519 = 103,174,99;plains;26
520 = 59,142,54;hills;19
521 = 45,167,38;hills;18
522 = 49,146,44;plains;31
523 = 89,114,87;hills;15
524 = 75,91,74;highlands;14
525 = 103,118,102;hills;12
526 = 54,86,68;hills;11
527 = 66,104,83;highlands;13
528 = 99,137,116;hills;13
529 = 75,101,87;hills;11
530 = 78,115,94;hills;10
531 = 62,102,80;hills;12
532 = 57,149,54;hills;17
533 = 39,130,36;hills;14
534 = 60,110,58;hills;13
535 = 57,142,54;hills;11
536 = 33,127,30;hills;12
537 = 60,137,57;hills;11
538 = 85,122,84;hills;11
539 = 59,85,59;highlands;10
540 = 81,105,80;hills;15
541 = 57,84,56;hills;13
542 = 92,114,91;hills;12
543 = 100,117,99;highlands;14
544 = 63,78,63;highlands;13
545 = 66,90,65;hills;11
546 = 96,109,95;hills;9
547 = 71,78,71;hills;8
548 = 93,99,92;hills;9
549 = 84,99,84;hills;8
550 = 78,95,77;hills;8
551 = 107,124,106;hills;9
552 = 112,133,117;hills;7
553 = 89,109,94;hills;6
554 = 111,126,114;hills;5
555 = 70,100,77;hills;6
556 = 96,124,103;hills;4
557 = 66,77,68;highlands;4
558 = 94,130,102;highlands;3
559 = 64,101,73;mountain;2
560 = 114,155,138;mountain;0
561 = 101,147,128;mountain;1
562 = 82,130,110;mountain;0
563 = 121,166,148;mountain;0
564 = 78,144,117;hills;4
565 = 132,181,161;mountain;1
566 = 135,151,145;mountain;0
567 = 139,176,161;mountain;0
568 = 114,164,144;mountain;0
569 = 61,127,100;mountain;0
570 = 32,118,83;mountain;0
571 = 79,183,140;mountain;0
572 = 119,196,164;mountain;0
573 = 80,183,141;mountain;0
574 = 57,144,108;mountain;0
575 = 71,100,88;mountain;0
576 = 47,96,76;mountain;0
577 = 119,160,143;mountain;0
578 = 121,134,129;mountain;0
579 = 72,97,87;mountain;0
580 = 133,179,160;mountain;0
581 = 102,123,114;mountain;0
582 = 109,141,128;mountain;0
583 = 150,198,178;mountain;0
584 = 111,151,135;mountain;0
585 = 91,125,112;mountain;0
586 = 126,181,158;mountain;0
587 = 81,124,107;mountain;0
588 = 114,180,153;mountain;1
589 = 122,165,164;mountain;0
590 = 94,130,129;mountain;0
591 = 77,104,103;mountain;0
592 = 101,136,135;mountain;0
593 = 81,98,98;mountain;0
594 = 71,94,93;mountain;1
595 = 90,133,132;mountain;0
596 = 99,141,140;mountain;0
597 = 79,132,130;mountain;0
598 = 90,181,178;mountain;0
599 = 99,145,144;mountain;0
600 = 81,109,108;mountain;0
601 = 58,88,87;mountain;0
602 = 86,141,139;mountain;0
603 = 88,167,165;mountain;0
604 = 67,142,140;mountain;0
605 = 58,112,111;mountain;0
606 = 73,185,183;mountain;0
607 = 52,146,144;mountain;0
608 = 48,123,122;mountain;0
609 = 48,153,151;mountain;0
610 = 51,160,105;highlands;2
611 = 67,184,125;hills;1
612 = 39,166,102;highlands;2
613 = 24,144,84;hills;1
614 = 46,168,107;hills;2
615 = 59,148,103;highlands;3
616 = 83,182,132;highlands;2
617 = 59,149,104;highlands;2
618 = 78,154,116;highlands;1
619 = 70,176,123;highlands;4
620 = 66,200,133;hills;2
621 = 25,207,115;highlands;1
622 = 53,133,92;highlands;2
623 = 82,108,111;forest;11
624 = 88,106,108;forest;12
625 = 128,148,150;forest;11
626 = 103,126,129;forest;13
627 = 131,148,150;forest;11
628 = 150,168,169;forest;12
629 = 128,136,137;forest;13
630 = 113,122,122;highlands;7
631 = 132,145,146;forest;9
632 = 159,183,186;forest;10
633 = 133,150,152;hills;6
634 = 119,132,134;hills;6
635 = 96,113,114;hills;7
636 = 119,143,145;hills;8
637 = 106,113,114;hills;7
638 = 112,126,127;hills;6
639 = 128,147,149;hills;7
640 = 101,115,116;hills;5
641 = 87,95,96;hills;6
642 = 113,131,133;forest;10
643 = 92,120,122;forest;11
644 = 116,141,144;highlands;8
645 = 124,168,172;forest;9
646 = 116,150,153;forest;9
647 = 115,129,131;forest;8
648 = 152,171,173;forest;10
649 = 166,189,192;forest;9
650 = 143,157,158;forest;9
651 = 43,103,60;hills;5
652 = 63,129,81;hills;6
653 = 92,126,102;hills;8
654 = 109,120,112;hills;4
655 = 113,138,120;hills;8
656 = 100,113,104;hills;4
657 = 69,77,71;hills;4
658 = 82,99,87;hills;6
659 = 78,137,94;forest;12
660 = 85,166,108;hills;6
661 = 132,175,144;highlands;9
662 = 90,148,106;highlands;11
663 = 78,140,95;hills;7
664 = 46,98,60;hills;5
665 = 73,141,92;hills;4
666 = 104,170,122;hills;4
667 = 71,142,90;hills;5
668 = 51,94,63;hills;7
669 = 85,126,96;hills;8
670 = 103,176,123;highlands;12
671 = 21,92,40;forest;12
672 = 14,113,41;forest;13
673 = 80,116,90;highlands;13
674 = 68,91,74;highlands;14
675 = 74,114,80;hills;9
676 = 59,101,64;hills;8
677 = 49,124,59;highlands;12
678 = 24,97,34;forest;10
679 = 11,82,20;highlands;12
680 = 53,91,58;hills;10
681 = 32,109,42;forest;15
682 = 8,119,23;forest;13
683 = 84,140,91;highlands;14
684 = 91,115,94;hills;10
685 = 98,136,103;hills;8
686 = 118,170,125;hills;9
687 = 93,119,97;hills;8
688 = 61,119,69;highlands;13
689 = 48,107,56;highlands;14
690 = 43,141,56;highlands;19
691 = 28,161,46;plains;21
692 = 14,177,36;plains;31
693 = 50,188,69;plains;27
694 = 15,191,39;plains;28
695 = 49,162,65;plains;26
696 = 30,125,43;forest;18
697 = 36,110,46;forest;16
698 = 29,124,42;forest;15
699 = 43,113,52;hills;14
700 = 72,92,74;hills;11
701 = 76,117,82;hills;12
702 = 45,145,59;highlands;14
703 = 70,130,78;highlands;16
704 = 57,104,64;highlands;16
705 = 43,135,56;hills;19
706 = 59,170,74;hills;17
707 = 24,148,41;hills;18
708 = 66,123,74;hills;12
709 = 89,142,96;hills;11
710 = 96,131,101;hills;11
711 = 125,162,130;hills;10
712 = 99,131,104;hills;9
713 = 80,101,83;hills;11
714 = 39,180,58;forest;41
715 = 43,150,58;forest;43
716 = 24,138,39;hills;26
717 = 36,120,47;hills;27
718 = 53,169,69;hills;28
719 = 26,135,41;forest;32
720 = 63,156,75;hills;26
721 = 127,151,63;plains;29
722 = 147,174,75;plains;30
723 = 23,85,33;forest;44
724 = 46,138,60;highlands;27
725 = 81,166,94;highlands;28
726 = 62,150,76;highlands;27
727 = 38,195,63;plains;32
728 = 23,180,48;plains;34
729 = 20,190,47;plains;40
730 = 31,222,62;farmland;66
731 = 46,220,74;plains;54
732 = 17,206,48;plains;47
733 = 40,108,44;hills;25
734 = 79,125,82;hills;23
735 = 104,184,109;forest;26
736 = 65,141,70;forest;29
737 = 104,152,107;hills;21
738 = 87,120,89;hills;22
739 = 84,133,87;hills;21
740 = 59,76,61;hills;14
741 = 31,127,37;plains;71
742 = 37,109,15;forest;34
743 = 102,162,105;forest;34
744 = 144,15,65;bog;4
745 = 87,117,117;mountain;1
746 = 100,169,168;mountain;0
747 = 67,162,94;hills;6
748 = 112,117,168;water;0
749 = 94,99,159;water;0
750 = 106,113,184;water;0
751 = 93,100,169;water;0
752 = 151,156,210;water;0
753 = 139,144,195;water;0
754 = 96,102,167;water;0
755 = 112,118,183;water;0
756 = 111,119,194;water;0
757 = 118,125,203;water;0
758 = 99,106,187;water;0
759 = 71,80,172;water;0
760 = 88,95,160;water;0
761 = 83,90,170;water;0
762 = 49,55,117;water;0
763 = 66,74,156;water;0
764 = 83,92,179;water;0
765 = 96,104,189;water;0
766 = 54,65,184;water;0
767 = 95,106,222;water;0
768 = 80,93,222;water;0
769 = 68,79,193;water;0
770 = 42,54,184;water;0
771 = 55,63,152;water;0
772 = 103,110,186;water;0
773 = 96,105,199;water;0
774 = 87,94,166;water;0
775 = 86,95,186;water;0
776 = 77,85,167;water;0
777 = 45,54,152;water;0
778 = 32,42,144;water;0
779 = 45,56,166;water;0
780 = 41,53,180;water;0
781 = 65,76,195;water;0
782 = 50,62,188;water;0
783 = 72,82,182;water;0
784 = 69,80,192;water;0
785 = 60,73,209;water;0
786 = 61,69,151;water;0
787 = 84,92,172;water;0
788 = 60,72,195;water;0
789 = 63,73,171;water;0
790 = 64,76,194;water;0
791 = 68,79,190;water;0
792 = 91,101,204;water;0
793 = 54,59,113;water;0
794 = 46,54,134;water;0
795 = 62,95,194;sea;0
796 = 50,90,208;sea;0
797 = 51,86,186;sea;0
798 = 30,68,179;sea;0
799 = 71,101,188;sea;0
800 = 43,87,214;sea;0
801 = 45,76,168;sea;0
802 = 37,74,183;sea;0
803 = 41,72,162;sea;0
804 = 25,47,112;sea;0
805 = 19,48,130;sea;0
806 = 62,71,165;water;0
